14	1	0
19	2	0
28	3	0
33	4	0
42	5	0
47	6	0
50	7	0
55	8	0
64	9	0
69	10	0
78	11	0
83	12	0
417	13	0
441	14	0
469	15	0
493	16	0
537	17	0
561	18	0
589	19	0
613	20	0
646	21	0
670	22	0
729	23	0
753	24	0
766	25	0
790	26	0
849	27	0
873	28	0
906	29	0
930	30	0
958	31	0
982	32	0
1026	33	0
1050	34	0
1078	35	0
1102	36	0
1167	37	0
1191	38	0
1219	39	0
1243	40	0
1287	41	0
1311	42	0
1339	43	0
1363	44	0
1396	45	0
1420	46	0
1479	47	0
1503	48	0
1516	49	0
1540	50	0
1599	51	0
1623	52	0
1656	53	0
1680	54	0
1708	55	0
1732	56	0
1776	57	0
1800	58	0
1828	59	0
1852	60	0
9100	61	0
9216	62	0
9336	63	0
9452	64	0
9669	65	0
9726	66	0
9749	67	0
9791	68	0
9828	69	0
9867	70	0
9874	71	0
9915	72	0
9923	73	0
9958	74	0
10031	75	0
10035	76	0
10056	77	0
10063	78	0
10074	79	0
10098	80	0
10233	81	0
10290	82	0
10313	83	0
10355	84	0
10479	85	0
10491	86	0
10503	87	0
10595	88	0
10603	89	0
10619	90	0
10817	91	0
10844	92	0
10867	93	0
10931	94	0
10940	95	0
10998	96	0
11043	97	0
11056	98	0
11114	99	0
11175	100	0
11381	101	0
11408	102	0
11431	103	0
11499	104	0
11504	105	0
11525	106	0
11533	107	0
11543	108	0
11568	109	0
11611	110	0
11620	111	0
11659	112	0
11739	113	0
11757	114	0
11941	115	0
12057	116	0
12177	117	0
12293	118	0
12418	119	0
12474	120	0
12497	121	0
12632	122	0
12756	123	0
12764	124	0
12818	125	0
12872	126	0
12876	127	0
12934	128	0
12982	129	0
13038	130	0
13061	131	0
13196	132	0
13257	133	1
13280	134	2
13285	135	3
13320	136	3
13332	137	3
13363	138	3
13392	139	4
13397	140	5
13420	141	6
13436	142	6
13444	143	6
13479	144	6
13566	145	6
13592	146	6
13615	147	6
13772	148	6
13781	149	6
13858	150	6
13884	151	6
13897	152	6
13937	153	7
13942	154	8
13965	155	9
13974	156	9
14016	157	9
14077	158	10
14130	159	10
14156	160	10
14179	161	10
14340	162	10
14345	163	10
14403	164	10
14452	165	10
14461	166	10
14519	167	10
14580	168	10
14737	169	10
14872	170	10
14911	171	10
14918	172	10
14951	173	10
14979	174	10
15002	175	10
15056	176	10
15095	177	10
15107	178	10
15172	179	10
15193	180	10
15200	181	10
15211	182	10
15219	183	10
15239	184	10
15301	185	10
15515	186	10
15543	187	10
15566	188	10
15601	189	10
15659	190	10
15675	191	10
15717	192	10
15775	193	10
15787	194	10
15869	195	10
15876	196	10
15927	197	10
15935	198	10
15992	199	10
16078	200	10
16156	201	10
16171	202	10
16262	203	10
16302	204	10
16314	205	10
16345	206	10
16360	207	10
16378	208	10
16386	209	10
16395	210	10
16467	211	10
16479	212	10
16518	213	10
16579	214	10
16595	215	10
16634	216	10
16781	217	10
16804	218	10
16831	219	10
16953	220	10
17017	221	10
17025	222	10
17035	223	10
17043	224	10
17063	225	10
17083	226	10
17147	227	10
17159	228	10
17179	229	10
17222	230	10
17234	231	10
17265	232	10
17281	233	10
17307	234	10
17316	235	10
17345	236	10
17368	237	10
17395	238	10
17434	239	10
17476	240	10
17485	241	10
17517	242	10
17578	243	10
17700	244	10
17727	245	10
17750	246	10
17916	247	10
17936	248	10
17948	249	10
18032	250	10
18052	251	10
18060	252	10
18142	253	10
18264	254	10
18291	255	10
18314	256	10
18398	257	11
18421	258	12
18426	259	13
18461	260	13
18500	261	13
18516	262	13
18533	263	14
18538	264	15
18561	265	16
18577	266	16
18616	267	16
18628	268	16
18717	269	16
18833	270	16
18866	271	17
18889	272	18
18894	273	19
18962	274	20
19001	275	21
19013	276	22
19078	277	23
19083	278	24
19103	279	24
19117	280	25
19125	281	26
19140	282	27
19149	283	28
19219	284	28
19308	285	28
19320	286	28
19378	287	28
19420	288	28
19436	289	28
19453	290	29
19458	291	30
19481	292	31
19494	293	31
19529	294	31
19552	295	31
19580	296	31
19642	297	32
19647	298	33
19662	299	34
19670	300	35
19686	301	36
19694	302	37
19759	303	38
19794	304	38
19802	305	39
19806	306	40
19876	307	40
19884	308	40
19923	309	40
19988	310	40
20000	311	40
20039	312	40
20093	313	40
20116	314	40
20144	315	40
20358	316	40
20515	317	40
20576	318	40
20634	319	40
20643	320	40
20692	321	40
20750	322	40
20755	323	40
20916	324	40
20939	325	40
20965	326	40
21079	327	40
21121	328	40
21198	329	40
21211	330	40
21237	331	40
21277	332	41
21282	333	42
21305	334	43
21314	335	43
21323	336	43
21417	337	44
21480	338	44
21503	339	44
21529	340	44
21616	341	44
21651	342	44
21659	343	44
21732	344	44
21763	345	44
21775	346	44
21899	347	44
22034	348	44
22057	349	44
22113	350	44
22161	351	44
22219	352	44
22223	353	44
22277	354	44
22294	355	45
22299	356	46
22322	357	47
22331	358	47
22339	359	47
22390	360	48
22395	361	49
22410	362	50
22418	363	51
22434	364	52
22442	365	53
22463	366	53
22511	367	54
22550	368	55
22554	369	56
22598	370	56
22621	371	56
22677	372	56
22802	373	56
22866	374	57
22918	375	57
23038	376	57
23075	377	58
23095	378	59
23099	379	60
23154	380	60
23356	381	60
23436	382	60
23457	383	60
23465	384	60
23475	385	60
23484	386	60
23504	387	60
23552	388	60
23591	389	60
23596	390	60
23664	391	60
23687	392	60
23714	393	60
23786	394	60
23920	395	60
23981	396	60
24039	397	60
24052	398	60
24097	399	60
24155	400	60
24164	401	60
24228	402	60
24251	403	60
24278	404	60
24454	405	60
24462	406	60
24476	407	60
24492	408	60
24500	409	60
24520	410	60
24592	411	60
24604	412	60
24616	413	60
24659	414	60
24671	415	60
24702	416	60
24718	417	60
24740	418	60
24748	419	60
24757	420	60
24782	421	60
24805	422	60
24862	423	60
24875	424	60
24917	425	60
24926	426	60
25021	427	60
25060	428	60
25064	429	60
25137	430	60
25172	431	60
25180	432	60
25304	433	60
25346	434	60
25369	435	60
25426	436	60
25590	437	60
25643	438	60
25759	439	60
25795	440	60
25837	441	60
25846	442	60
25879	443	60
25995	444	60
26290	445	60
26406	446	60
26526	447	60
26642	448	60
26859	449	60
26916	450	60
26939	451	60
26981	452	60
27018	453	60
27057	454	60
27064	455	60
27105	456	60
27113	457	60
27148	458	60
27221	459	60
27225	460	60
27246	461	60
27253	462	60
27264	463	60
27288	464	60
27423	465	60
27480	466	60
27503	467	60
27545	468	60
27669	469	60
27681	470	60
27693	471	60
27785	472	60
27793	473	60
27809	474	60
28007	475	60
28034	476	60
28057	477	60
28121	478	60
28130	479	60
28188	480	60
28233	481	60
28246	482	60
28304	483	60
28365	484	60
28571	485	60
28598	486	60
28621	487	60
28689	488	60
28694	489	60
28715	490	60
28723	491	60
28733	492	60
28758	493	60
28801	494	60
28810	495	60
28849	496	60
28929	497	60
28947	498	60
29131	499	60
29247	500	60
29367	501	60
29483	502	60
29608	503	60
29664	504	60
29687	505	60
29822	506	60
29946	507	60
29954	508	60
30008	509	60
30062	510	60
30066	511	60
30124	512	60
30172	513	60
30228	514	60
30251	515	60
30386	516	60
30447	517	61
30470	518	62
30475	519	63
30510	520	63
30522	521	63
30553	522	63
30582	523	64
30587	524	65
30610	525	66
30626	526	66
30634	527	66
30669	528	66
30756	529	66
30782	530	66
30805	531	66
30962	532	66
30971	533	66
31048	534	66
31074	535	66
31087	536	66
31127	537	67
31132	538	68
31155	539	69
31164	540	69
31206	541	69
31267	542	70
31320	543	70
31346	544	70
31369	545	70
31530	546	70
31535	547	70
31593	548	70
31642	549	70
31651	550	70
31709	551	70
31770	552	70
31927	553	70
32062	554	70
32101	555	70
32108	556	70
32141	557	70
32169	558	70
32192	559	70
32246	560	70
32285	561	70
32297	562	70
32362	563	70
32383	564	70
32390	565	70
32401	566	70
32409	567	70
32429	568	70
32491	569	70
32705	570	70
32733	571	70
32756	572	70
32791	573	70
32849	574	70
32865	575	70
32907	576	70
32965	577	70
32977	578	70
33059	579	70
33066	580	70
33117	581	70
33125	582	70
33182	583	70
33268	584	70
33346	585	70
33361	586	70
33452	587	70
33492	588	70
33504	589	70
33535	590	70
33550	591	70
33568	592	70
33576	593	70
33585	594	70
33657	595	70
33669	596	70
33708	597	70
33769	598	70
33785	599	70
33824	600	70
33971	601	70
33994	602	70
34021	603	70
34143	604	70
34207	605	70
34215	606	70
34225	607	70
34233	608	70
34253	609	70
34273	610	70
34337	611	70
34349	612	70
34369	613	70
34412	614	70
34424	615	70
34455	616	70
34471	617	70
34497	618	70
34506	619	70
34535	620	70
34558	621	70
34585	622	70
34624	623	70
34666	624	70
34675	625	70
34707	626	70
34768	627	70
34890	628	70
34917	629	70
34940	630	70
35106	631	70
35126	632	70
35138	633	70
35222	634	70
35242	635	70
35250	636	70
35332	637	70
35454	638	70
35481	639	70
35504	640	70
35588	641	71
35611	642	72
35616	643	73
35651	644	73
35690	645	73
35706	646	73
35723	647	74
35728	648	75
35751	649	76
35767	650	76
35806	651	76
35818	652	76
35907	653	76
36023	654	76
36056	655	77
36079	656	78
36084	657	79
36152	658	80
36191	659	81
36203	660	82
36268	661	83
36273	662	84
36293	663	84
36307	664	85
36315	665	86
36330	666	87
36339	667	88
36409	668	88
36498	669	88
36510	670	88
36568	671	88
36610	672	88
36626	673	88
36643	674	89
36648	675	90
36671	676	91
36684	677	91
36719	678	91
36742	679	91
36770	680	91
36832	681	92
36837	682	93
36852	683	94
36860	684	95
36876	685	96
36884	686	97
36949	687	98
36984	688	98
36992	689	99
36996	690	100
37066	691	100
37074	692	100
37113	693	100
37178	694	100
37190	695	100
37229	696	100
37283	697	100
37306	698	100
37334	699	100
37548	700	100
37705	701	100
37766	702	100
37824	703	100
37833	704	100
37882	705	100
37940	706	100
37945	707	100
38106	708	100
38129	709	100
38155	710	100
38269	711	100
38311	712	100
38388	713	100
38401	714	100
38427	715	100
38467	716	101
38472	717	102
38495	718	103
38504	719	103
38513	720	103
38607	721	104
38670	722	104
38693	723	104
38719	724	104
38806	725	104
38841	726	104
38849	727	104
38922	728	104
38953	729	104
38965	730	104
39089	731	104
39224	732	104
39247	733	104
39303	734	104
39351	735	104
39409	736	104
39413	737	104
39467	738	104
39484	739	105
39489	740	106
39512	741	107
39521	742	107
39529	743	107
39580	744	108
39585	745	109
39600	746	110
39608	747	111
39624	748	112
39632	749	113
39653	750	113
39701	751	114
39740	752	115
39744	753	116
39788	754	116
39811	755	116
39867	756	116
39992	757	116
40056	758	117
40108	759	117
40228	760	117
40265	761	118
40285	762	119
40289	763	120
40344	764	120
40546	765	120
40626	766	120
40647	767	120
40655	768	120
40665	769	120
40674	770	120
40694	771	120
40742	772	120
40781	773	120
40786	774	120
40854	775	120
40877	776	120
40904	777	120
40976	778	120
41110	779	120
41171	780	120
41229	781	120
41242	782	120
41287	783	120
41345	784	120
41354	785	120
41418	786	120
41441	787	120
41468	788	120
41644	789	120
41652	790	120
41666	791	120
41682	792	120
41690	793	120
41710	794	120
41782	795	120
41794	796	120
41806	797	120
41849	798	120
41861	799	120
41892	800	120
41908	801	120
41930	802	120
41938	803	120
41947	804	120
41972	805	120
41995	806	120
42052	807	120
42065	808	120
42107	809	120
42116	810	120
42211	811	120
42250	812	120
42254	813	120
42327	814	120
42362	815	120
42370	816	120
42494	817	120
42536	818	120
42559	819	120
42616	820	120
42780	821	120
42833	822	120
42949	823	120
42985	824	120
43027	825	120
43036	826	120
43069	827	120
43185	828	120
